CPF: 1; Agencia: Banco do Brasil; Nome: joao; ID: 1; Tipo: Corrente; Saldo: 10800.16; Data: 2025-01-25T05:35:59.082566452; 
CPF: 2; Agencia: Bradesco; Nome: mateus; ID: 2; Tipo: Poupanca; Saldo: 2010.9; Data: 2025-01-25T05:35:59.084672621; 
CPF: 3; Agencia: Itau; Nome: lucas; ID: 3; Tipo: Salario; Saldo: 1100.0; Data: 2025-01-25T05:21:22.962353888; Status: V; ID Empregador: 1; 
